410
831
114
33
768
377
642
878
726
580
349
382
204
50
771
645
812
585
797
213
215
107
541
721
571
331
92
301
703
701
48
775
197
806
402
469
881
430
371
891
289
158
524
604
791
691
707
803
569
424
168
453
51
159
260
341
468
321
823
528
689
46
200
479
742
678
383
138
575
408
403
637
536
462
694
225
603
323
212
104
10
444
405
672
467
421
505
693
49
275
509
854
861
364
752
193
832
40
696
820
740
594
339
786
97
422
326
228
711
767
455
257
795
482
236
354
899
61
760
372
149
14
337
627
515
450
412
44
460
745
385
523
152
165
76
692
438
311
570
221
654
400
6
18
8
419
338
862
161
181
176
86
261
264
610
835
344
373
357
202
171
620
743
526
644
294
64
813
501
650
376
739
508
391
302
90
267
730
613
291
304
464
162
355
684
30
618
59
845
26
531
787
347
621
220
677
884
887
841
697
493
207
732
240
810
121
229
288
251
800
648
577
191
500
457
769
122
614
809
370
715
749
345
892
733
548
129
566
426
5
203
722
834
154
305
690
190
562
329
855
488
397
512
145
556
183
378
249
593
296
735
789
392
706
258
529
223
407
415
113
635
669
774
280
71
217
626
478
588
303
538
180
103
533
631
3
756
656
42
688
330
818
817
554
268
418
673
805
859
801
395
605
539
753
639
56
93
414
617
210
318
783
708
327
65
219
799
699
98
381
819
521
863
719
574
659
45
754
716
557
744
682
187
785
748
110
842
516
851
189
144
856
132
561
695
243
838
74
233
35
470
494
266
270
865
131
39
2
564
840
506
776
367
118
413
31
22
277
590
710
214
763
698
761
69
532
870
368
19
858
160
112
798
582
527
602
737
75
568
281
796
624
705
765
759
164
201
119
766
1
481
868
352
101
630
780
17
78
517
846
23
777
278
667
731
153
597
205
472
599
398
429
73
441
755
273
640
239
43
433
465
725
700
828
547
552
702
346
148
664
436
480
404
736
334
365
757
234
335
595
245
779
647
885
600
34
662
38
167
553
461
188
896
247
535
178
128
211
495
882
312
534
232
256
540
866
360
869
163
511
195
723
622
713
663
717
85
625
477
483
387
143
317
252
629
36
471
290
332
619
199
283
572
811
686
369
709
208
411
96
491
520
342
591
340
581
308
612
166
246
880
16
192
463
685
116
126
875
83
242
496
729
746
676
356
718
20
115
486
351
551
106
616
573
808
142
758
328
423
844
680
298
41
325
611
893
286
770
379
802
380
53
87
362
738
47
384
448
274
665
877
133
652
37
852
169
560
452
586
255
793
668
518
194
489
822
847
727
445
657
127
250
135
720
72
4
437
237
206
248
124
449
578
728
390
12
555
576
850
136
299
504
269
134
222
633
82
492
32
100
125
253
485
336
292
439
643
425
182
7
79
587
218
140
196
375
843
63
788
601
81
784
683
712
466
473
825
670
458
272
519
830
21
658
241
282
883
417
361
130
435
537
310
62
794
867
503
687
157
440
316
80
447
704
25
186
137
108
646
238
263
895
751
89
399
714
179
284
230
358
117
172
15
879
894
565
781
297
849
363
792
29
265
226
790
525
88
655
68
175
724
741
443
235
58
567
70
111
886
139
459
860
120
300
773
227
307
84
350
628
244
584
615
146
434
641
333
815
549
579
871
606
216
320
67
95
609
306
889
293
778
309
151
416
123
543
596
675
836
231
353
653
386
401
821
285
475
420
105
898
522
173
563
649
156
814
348
396
474
295
747
150
764
271
542
510
671
839
319
394
77
0
431
359
679
589
666
890
57
442
857
807
54
598
558
55
28
322
155
13
837
185
9
276
734
897
782
141
750
661
102
254
287
315
209
177
60
454
147
660
343
872
592
829
848
826
827
91
530
259
456
824
490
804
432
428
632
366
24
324
608
853
427
389
262
873
314
409
406
762
388
11
864
583
876
634
550
279
52
502
874
99
674
484
623
446
772
487
651
636
66
374
833
681
393
174
224
198
313
109
888
513
184
816
94
607
451
507
170
476